0.0
0.002976190476190476
0.005952380952380952
0.008928571428571428
0.011904761904761904
0.01488095238095238
0.017857142857142856
0.020833333333333332
0.023809523809523808
0.026785714285714284
0.02976190476190476
0.03273809523809523
0.03571428571428571
0.03869047619047619
0.041666666666666664
0.04464285714285714
0.047619047619047616
0.050595238095238096
0.05357142857142857
0.05654761904761904
0.05952380952380952
0.06249999999999999
0.06547619047619047
0.06845238095238095
0.07142857142857142
0.0744047619047619
0.07738095238095238
0.08035714285714285
0.08333333333333333
0.08630952380952381
0.08928571428571427
0.09226190476190475
0.09523809523809523
0.09821428571428571
0.10119047619047619
0.10416666666666666
0.10714285714285714
0.11011904761904762
0.11309523809523808
0.11607142857142856
0.11904761904761904
0.1220238095238095
0.12499999999999999
0.12797619047619047
0.13095238095238093
0.1339285714285714
0.1369047619047619
0.13988095238095238
0.14285714285714285
0.14583333333333331
0.1488095238095238
0.1517857142857143
0.15476190476190477
0.15773809523809523
0.1607142857142857
0.16369047619047616
0.16666666666666666
0.16964285714285715
0.17261904761904762
0.17559523809523808
0.17857142857142855
0.181547619047619
0.1845238095238095
0.1875
0.19047619047619047
