0.0
0.005
0.01
0.015
0.02
0.025
0.03
0.035
0.04
0.045
0.05
0.055
0.06
0.065
0.07
0.07500000000000001
0.08
0.08499999999999999
0.09
0.095
0.1
0.10500000000000001
0.11
0.11499999999999999
0.12
0.125
0.13
0.135
0.14
0.14500000000000002
0.15000000000000002
0.15500000000000003
0.16
0.16499999999999998
0.16999999999999998
0.175
0.18
0.185
0.19
0.195
0.2
0.20500000000000002
0.21000000000000002
0.21500000000000002
0.22
0.22499999999999998
0.22999999999999998
0.235
0.24
0.245
0.25
0.255
0.26
0.265
0.27
0.275
0.28
0.28500000000000003
0.29000000000000004
0.29500000000000004
0.30000000000000004
0.30500000000000005
0.31000000000000005
0.31500000000000006
0.32
